-34.007,-34.359,-34.183
-34.007,-34.359,-34.271
-34.007,-34.359,-34.183
-34.007,-34.359,-34.271
-34.007,-34.359,-34.183
-34.007,-34.359,-34.271
-34.007,-34.271,-34.183
-34.007,-34.359,-34.183
-34.007,-34.359,-34.183
-34.007,-34.271,-34.183
-34.007,-34.359,-34.271
-34.007,-34.359,-34.183
-34.007,-34.359,-34.183
-34.007,-34.359,-34.271
-34.007,-34.359,-34.183
-34.007,-34.359,-34.183
-34.007,-34.359,-34.183
-34.007,-34.359,-34.183
-34.007,-34.271,-34.271
-34.007,-34.359,-34.183
-34.007,-34.359,-34.183
-34.007,-34.359,-34.183
-34.007,-34.359,-34.183
-34.007,-34.359,-34.183
-34.007,-34.359,-34.183
-34.007,-34.271,-34.183
-34.007,-34.359,-34.271
-34.007,-34.359,-34.183
-34.007,-34.359,-34.183
-34.007,-34.271,-34.183
-34.007,-34.359,-34.183
-34.007,-34.359,-34.271
-34.007,-34.359,-34.183
-34.007,-34.359,-34.271
-34.007,-34.359,-34.183
-34.007,-34.359,-34.183
-34.007,-34.359,-34.271
-34.007,-34.359,-34.183
-34.095,-34.359,-34.183
-34.007,-34.359,-34.183
-34.007,-34.359,-34.183
-34.007,-34.271,-34.183
-34.007,-34.359,-34.183
-34.007,-34.359,-34.183
-34.007,-34.359,-34.183
-34.007,-34.271,-34.183
-34.007,-34.359,-34.183
-34.007,-34.359,-34.183
-34.007,-34.359,-34.183
-34.007,-34.359,-34.271
-34.007,-34.359,-34.183
-34.007,-34.359,-34.183
-34.007,-34.359,-34.183
-34.007,-34.359,-34.183
-34.007,-34.359,-34.183
-34.007,-34.359,-34.183
-34.007,-34.359,-34.183
-34.007,-34.359,-34.183
-34.007,-34.359,-34.183
-34.007,-34.359,-34.183
-34.007,-34.359,-34.271
-34.007,-34.359,-34.183
-34.007,-34.359,-34.183
-34.007,-34.359,-34.183
-34.007,-34.359,-34.183
-34.007,-34.359,-34.183
-34.007,-34.271,-34.183
-34.007,-34.359,-34.183
-34.007,-34.359,-34.183
-34.007,-34.359,-34.183
-34.007,-34.359,-34.183
-34.007,-34.359,-34.271
-34.007,-34.359,-34.183
-34.095,-34.359,-34.183
-34.007,-34.359,-34.183
-34.007,-34.359,-34.183
-34.007,-34.359,-34.183
-34.007,-34.359,-34.183
-34.007,-34.359,-34.271
-34.007,-34.359,-34.183
-34.007,-34.359,-34.183
-34.007,-34.359,-34.183
-34.007,-34.359,-34.183
-34.007,-34.359,-34.183
-34.007,-34.359,-34.183
-34.007,-34.359,-34.183
-34.007,-34.359,-34.183
-34.007,-34.359,-34.183
-34.007,-34.359,-34.271
-34.007,-34.359,-34.271
-34.007,-34.359,-34.183
-34.007,-34.271,-34.183
-34.007,-34.359,-34.183
-34.095,-34.359,-34.183
-34.007,-34.359,-34.183
-34.007,-34.359,-34.183
-34.007,-34.359,-34.271
-34.007,-34.359,-34.183
-34.007,-34.359,-34.271
-34.007,-34.271,-34.183
