2.599567260742187500e+02 9.336783599853515625e+01
2.903215637207031250e+02 9.331431579589843750e+01
3.203616333007812500e+02 9.295442199707031250e+01
3.506184692382812500e+02 9.269741058349609375e+01
2.604848022460937500e+02 1.240631561279296875e+02
2.906629943847656250e+02 1.237843780517578125e+02
3.205957946777343750e+02 1.236028060913085938e+02
3.508321533203125000e+02 1.232160644531250000e+02
2.609733581542968750e+02 1.545519866943359375e+02
2.910903015136718750e+02 1.544676971435546875e+02
3.210198059082031250e+02 1.541421203613281250e+02
3.510898437500000000e+02 1.537583618164062500e+02
3.822170410156250000e+02 9.234178924560546875e+01
4.125838928222656250e+02 9.178146362304687500e+01
4.431285095214843750e+02 9.115259552001953125e+01
4.737746887207031250e+02 9.077880096435546875e+01
3.823177185058593750e+02 1.230519104003906250e+02
4.126336975097656250e+02 1.224666900634765625e+02
4.432008361816406250e+02 1.217631912231445312e+02
4.738708496093750000e+02 1.211878585815429688e+02
3.823805847167968750e+02 1.534115447998046875e+02
4.126976928710937500e+02 1.530222167968750000e+02
4.433239135742187500e+02 1.522832336425781250e+02
4.739723815917968750e+02 1.517098541259765625e+02
1.937541656494140625e+02 2.127825736999511719e+01
2.239037780761718750e+02 2.071699714660644531e+01
2.546649932861328125e+02 2.002941513061523438e+01
2.845206909179687500e+02 1.980129432678222656e+01
1.939740142822265625e+02 5.141769409179687500e+01
2.244000854492187500e+02 5.115281295776367188e+01
2.546866302490234375e+02 5.081018447875976562e+01
2.850949401855468750e+02 5.062483215332031250e+01
1.944199218750000000e+02 8.154515075683593750e+01
2.246551361083984375e+02 8.146780395507812500e+01
2.552776336669921875e+02 8.133407592773437500e+01
2.852213439941406250e+02 8.128350067138671875e+01
7.412769317626953125e+01 1.361540069580078125e+02
9.529132080078125000e+01 1.359445343017578125e+02
1.161475448608398438e+02 1.358763580322265625e+02
1.374870147705078125e+02 1.357776947021484375e+02
7.418624114990234375e+01 1.572433471679687500e+02
9.539473724365234375e+01 1.571147918701171875e+02
1.164061279296875000e+02 1.570207824707031250e+02
1.377070617675781250e+02 1.569195098876953125e+02
7.432176208496093750e+01 1.781460418701171875e+02
9.562524414062500000e+01 1.779514465332031250e+02
1.166257324218750000e+02 1.778909912109375000e+02
1.379888305664062500e+02 1.778760375976562500e+02
2.290845947265625000e+02 1.582399597167968750e+02
2.499649505615234375e+02 1.582069702148437500e+02
2.709283142089843750e+02 1.582983093261718750e+02
2.918258666992187500e+02 1.580630798339843750e+02
2.293914642333984375e+02 1.793614654541015625e+02
2.502078247070312500e+02 1.794129028320312500e+02
2.708448486328125000e+02 1.792305755615234375e+02
2.917322998046875000e+02 1.791737213134765625e+02
2.297143707275390625e+02 2.002118377685546875e+02
2.504081573486328125e+02 2.002821044921875000e+02
2.712496337890625000e+02 1.999467163085937500e+02
2.920075073242187500e+02 1.999986267089843750e+02
4.937927246093750000e+02 7.140476989746093750e+01
5.151485595703125000e+02 7.122936248779296875e+01
5.360364990234375000e+02 7.103939819335937500e+01
5.571825561523437500e+02 7.088742828369140625e+01
4.941039733886718750e+02 9.265363311767578125e+01
5.153134155273437500e+02 9.213070678710937500e+01
5.363300781250000000e+02 9.190776824951171875e+01
5.576691894531250000e+02 9.179282379150390625e+01
4.941261901855468750e+02 1.135450668334960938e+02
5.155778808593750000e+02 1.132628936767578125e+02
5.365986328125000000e+02 1.129950180053710938e+02
5.578828125000000000e+02 1.128214874267578125e+02
2.519335174560546875e+02 2.193655853271484375e+02
2.727553710937500000e+02 2.193247985839843750e+02
2.934064636230468750e+02 2.191331176757812500e+02
3.140462341308593750e+02 2.190553588867187500e+02
2.521663513183593750e+02 2.401059570312500000e+02
2.730213928222656250e+02 2.399176940917968750e+02
2.935751953125000000e+02 2.397975921630859375e+02
3.141078796386718750e+02 2.396604156494140625e+02
2.523154449462890625e+02 2.608389892578125000e+02
2.731345214843750000e+02 2.607062683105468750e+02
2.937502441406250000e+02 2.604784240722656250e+02
3.142610473632812500e+02 2.603450012207031250e+02
2.623552551269531250e+02 2.281885223388671875e+02
2.800720214843750000e+02 2.280869140625000000e+02
2.974568786621093750e+02 2.279231262207031250e+02
3.149840698242187500e+02 2.277634429931640625e+02
2.626115417480468750e+02 2.457063598632812500e+02
2.800640258789062500e+02 2.456382904052734375e+02
2.976140441894531250e+02 2.454791564941406250e+02
3.151574096679687500e+02 2.453996887207031250e+02
2.627577514648437500e+02 2.632466125488281250e+02
2.802370605468750000e+02 2.631544189453125000e+02
2.977801513671875000e+02 2.630314636230468750e+02
3.152688903808593750e+02 2.629037170410156250e+02
5.320570068359375000e+02 6.701918792724609375e+01
5.501351928710937500e+02 6.688408660888671875e+01
5.677972412109375000e+02 6.670766448974609375e+01
5.856427612304687500e+02 6.669658660888671875e+01
5.323886108398437500e+02 8.487576293945312500e+01
5.501365966796875000e+02 8.462265777587890625e+01
5.680883178710937500e+02 8.440867614746093750e+01
5.860108032226562500e+02 8.426609039306640625e+01
5.325382080078125000e+02 1.025042495727539062e+02
5.505801391601562500e+02 1.022928085327148438e+02
5.683729858398437500e+02 1.020787963867187500e+02
5.862287597656250000e+02 1.019612731933593750e+02
2.598973083496093750e+02 9.331866455078125000e+01
2.902564697265625000e+02 9.328285217285156250e+01
3.203208618164062500e+02 9.294303131103515625e+01
3.505668640136718750e+02 9.269418334960937500e+01
2.604400024414062500e+02 1.240145416259765625e+02
2.906014404296875000e+02 1.237478637695312500e+02
3.205620422363281250e+02 1.235994644165039062e+02
3.507788696289062500e+02 1.232206115722656250e+02
2.610580749511718750e+02 1.545204925537109375e+02
2.909674072265625000e+02 1.544631805419921875e+02
3.208653259277343750e+02 1.541139373779296875e+02
3.509030151367187500e+02 1.537242431640625000e+02
6.417881011962890625e+01 1.657307891845703125e+02
8.222438049316406250e+01 1.656582183837890625e+02
1.000128250122070312e+02 1.655520629882812500e+02
1.180454940795898438e+02 1.656585235595703125e+02
6.437394714355468750e+01 1.835651245117187500e+02
8.220551300048828125e+01 1.835913085937500000e+02
1.001560134887695312e+02 1.835853576660156250e+02
1.181510543823242188e+02 1.834125366210937500e+02
6.443388366699218750e+01 2.014073333740234375e+02
8.233578491210937500e+01 2.014638366699218750e+02
1.002413635253906250e+02 2.013094635009765625e+02
1.183075790405273438e+02 2.013838043212890625e+02
2.585220642089843750e+02 2.444759979248046875e+02
2.761229248046875000e+02 2.442967224121093750e+02
2.936071777343750000e+02 2.441629180908203125e+02
3.111089172363281250e+02 2.440078582763671875e+02
2.587389221191406250e+02 2.618676757812500000e+02
2.762049865722656250e+02 2.617999267578125000e+02
2.937835693359375000e+02 2.616025390625000000e+02
3.113100280761718750e+02 2.614980163574218750e+02
2.589103698730468750e+02 2.794374694824218750e+02
2.763415527343750000e+02 2.792722778320312500e+02
2.938868103027343750e+02 2.791716003417968750e+02
3.113737182617187500e+02 2.789798889160156250e+02
2.761959838867187500e+02 2.151711883544921875e+02
2.919362792968750000e+02 2.150739898681640625e+02
3.073556213378906250e+02 2.150061035156250000e+02
3.229542846679687500e+02 2.148755035400390625e+02
2.764338073730468750e+02 2.308114471435546875e+02
2.919761047363281250e+02 2.307302246093750000e+02
3.075387878417968750e+02 2.305243530273437500e+02
3.231138000488281250e+02 2.304145507812500000e+02
2.765861816406250000e+02 2.463212890625000000e+02
2.921556701660156250e+02 2.461483612060546875e+02
3.077106628417968750e+02 2.459604492187500000e+02
3.232313232421875000e+02 2.458721160888671875e+02
6.309284210205078125e+01 1.144668197631835938e+02
7.878411102294921875e+01 1.142529678344726562e+02
9.457482147216796875e+01 1.140801315307617188e+02
1.103985977172851562e+02 1.139077529907226562e+02
6.310162734985351562e+01 1.301408538818359375e+02
7.888744354248046875e+01 1.300295104980468750e+02
9.463700103759765625e+01 1.298854980468750000e+02
1.105225601196289062e+02 1.298839111328125000e+02
6.322193527221679688e+01 1.459897308349609375e+02
7.889191436767578125e+01 1.458446350097656250e+02
9.474623107910156250e+01 1.457564849853515625e+02
1.106644515991210938e+02 1.456809082031250000e+02
1.358553466796875000e+02 1.140311431884765625e+02
1.517901000976562500e+02 1.139494400024414062e+02
1.675187988281250000e+02 1.139319686889648438e+02
1.834426574707031250e+02 1.138900222778320312e+02
1.360014038085937500e+02 1.299322357177734375e+02
1.519059600830078125e+02 1.298731994628906250e+02
1.678304901123046875e+02 1.298236541748046875e+02
1.836743164062500000e+02 1.298312530517578125e+02
1.360519409179687500e+02 1.457661132812500000e+02
1.520735778808593750e+02 1.457547607421875000e+02
1.679315032958984375e+02 1.457162780761718750e+02
1.839351654052734375e+02 1.457072601318359375e+02
2.230283050537109375e+02 2.192992248535156250e+02
2.399699707031250000e+02 2.192613983154296875e+02
2.567470092773437500e+02 2.191892700195312500e+02
2.736592407226562500e+02 2.191105499267578125e+02
2.232317810058593750e+02 2.361011657714843750e+02
2.400925598144531250e+02 2.360880889892578125e+02
2.570297241210937500e+02 2.358919067382812500e+02
2.738295593261718750e+02 2.358332519531250000e+02
2.233378143310546875e+02 2.530288391113281250e+02
2.402200775146484375e+02 2.529446411132812500e+02
2.571372985839843750e+02 2.528038330078125000e+02
2.739287414550781250e+02 2.526961669921875000e+02
5.328464965820312500e+02 8.168303680419921875e+01
5.501344604492187500e+02 8.160707855224609375e+01
5.669930419921875000e+02 8.128698730468750000e+01
5.840616455078125000e+02 8.138562774658203125e+01
5.331248779296875000e+02 9.879409027099609375e+01
5.501013183593750000e+02 9.857736968994140625e+01
5.674141845703125000e+02 9.830896759033203125e+01
5.843505249023437500e+02 9.815474700927734375e+01
5.333740844726562500e+02 1.156805953979492188e+02
5.504625244140625000e+02 1.154962310791015625e+02
5.676729736328125000e+02 1.153129882812500000e+02
5.847022094726562500e+02 1.152477645874023438e+02
5.078590393066406250e+02 1.042990341186523438e+02
5.234381713867187500e+02 1.040921096801757812e+02
5.382473754882812500e+02 1.038523254394531250e+02
5.536735839843750000e+02 1.038313446044921875e+02
5.081250000000000000e+02 1.194826278686523438e+02
5.233573608398437500e+02 1.192129440307617188e+02
5.384805297851562500e+02 1.191055603027343750e+02
5.537229614257812500e+02 1.188069839477539062e+02
5.081263732910156250e+02 1.345595855712890625e+02
5.235911865234375000e+02 1.342616882324218750e+02
5.386032714843750000e+02 1.340505981445312500e+02
5.539365234375000000e+02 1.340301666259765625e+02
4.135013427734375000e+02 8.740660095214843750e+01
4.541849365234375000e+02 8.682503509521484375e+01
4.950972900390625000e+02 8.600808715820312500e+01
5.359938354492187500e+02 8.557102203369140625e+01
4.136394348144531250e+02 1.284955749511718750e+02
4.542973632812500000e+02 1.275564422607421875e+02
4.953499450683593750e+02 1.269262466430664062e+02
5.363924560546875000e+02 1.262815093994140625e+02
4.136335144042968750e+02 1.691029205322265625e+02
4.543503112792968750e+02 1.684109954833984375e+02
4.956279602050781250e+02 1.674858856201171875e+02
5.368364257812500000e+02 1.669390106201171875e+02
1.966949310302734375e+02 1.379129943847656250e+02
2.392730712890625000e+02 1.379709472656250000e+02
2.812353515625000000e+02 1.376746978759765625e+02
3.231225585937500000e+02 1.375553894042968750e+02
1.974869232177734375e+02 1.806618194580078125e+02
2.396053314208984375e+02 1.806753082275390625e+02
2.814701843261718750e+02 1.803905639648437500e+02
3.234176940917968750e+02 1.799602050781250000e+02
1.977830047607421875e+02 2.228025512695312500e+02
2.400621337890625000e+02 2.226659851074218750e+02
2.818316650390625000e+02 2.222504577636718750e+02
3.235751953125000000e+02 2.218922729492187500e+02
