5.655581999999999425e+02 4.000901000000000067e+02 6.169235724999999775e+02
5.955490800000000036e+02 4.001749399999999923e+02 6.169235724999999775e+02
6.255399599999999509e+02 4.002597799999999779e+02 6.169235724999999775e+02
6.555308400000000120e+02 4.003446200000000204e+02 6.169235724999999775e+02
5.656430399999999281e+02 3.700992200000000025e+02 6.169235724999999775e+02
5.956339199999999892e+02 3.701840599999999881e+02 6.169235724999999775e+02
6.256247999999999365e+02 3.702689000000000306e+02 6.169235724999999775e+02
6.556156799999999976e+02 3.703537400000000162e+02 6.169235724999999775e+02
5.657278799999999137e+02 3.401083399999999983e+02 6.169235724999999775e+02
5.957187599999999748e+02 3.401931799999999839e+02 6.169235724999999775e+02
6.257096399999999221e+02 3.402780199999999695e+02 6.169235724999999775e+02
6.557005199999999832e+02 3.403628600000000120e+02 6.169235724999999775e+02
6.865581999999999425e+02 4.004900999999999840e+02 6.167235724999999320e+02
7.165490800000000036e+02 4.005749399999999696e+02 6.167235724999999320e+02
7.465399599999999509e+02 4.006597799999999552e+02 6.167235724999999320e+02
7.765308400000000120e+02 4.007446199999999976e+02 6.167235724999999320e+02
6.866430399999999281e+02 3.704992199999999798e+02 6.167235724999999320e+02
7.166339199999999892e+02 3.705840599999999654e+02 6.167235724999999320e+02
7.466247999999999365e+02 3.706689000000000078e+02 6.167235724999999320e+02
7.766156799999999976e+02 3.707537399999999934e+02 6.167235724999999320e+02
6.867278799999999137e+02 3.405083399999999756e+02 6.167235724999999320e+02
7.167187599999999748e+02 3.405931799999999612e+02 6.167235724999999320e+02
7.467096399999999221e+02 3.406780199999999468e+02 6.167235724999999320e+02
7.767005199999999832e+02 3.407628599999999892e+02 6.167235724999999320e+02
5.006581999999999653e+02 4.712900999999999954e+02 6.170235725000000002e+02
5.306490800000000263e+02 4.713749399999999810e+02 6.170235725000000002e+02
5.606399599999999737e+02 4.714597800000000234e+02 6.170235725000000002e+02
5.906308400000000347e+02 4.715446200000000090e+02 6.170235725000000002e+02
5.007430400000000077e+02 4.412992199999999912e+02 6.170235725000000002e+02
5.307339200000000119e+02 4.413840599999999768e+02 6.170235725000000002e+02
5.607247999999999593e+02 4.414689000000000192e+02 6.170235725000000002e+02
5.907156800000000203e+02 4.415537400000000048e+02 6.170235725000000002e+02
5.008278799999999933e+02 4.113083399999999870e+02 6.170235725000000002e+02
5.308187599999999975e+02 4.113931800000000294e+02 6.170235725000000002e+02
5.608096399999999448e+02 4.114780200000000150e+02 6.170235725000000002e+02
5.908005200000000059e+02 4.115628600000000006e+02 6.170235725000000002e+02
2.750681999999999903e+02 4.201901000000000295e+02 3.848235725000000116e+02
3.050590799999999945e+02 4.202749400000000151e+02 3.848235725000000116e+02
3.350499599999999987e+02 4.203597800000000007e+02 3.848235725000000116e+02
3.650408400000000029e+02 4.204446200000000431e+02 3.848235725000000116e+02
2.751530400000000327e+02 3.901992200000000253e+02 3.848235725000000116e+02
3.051439200000000369e+02 3.902840600000000109e+02 3.848235725000000116e+02
3.351347999999999843e+02 3.903689000000000533e+02 3.848235725000000116e+02
3.651256799999999885e+02 3.904537400000000389e+02 3.848235725000000116e+02
2.752378800000000183e+02 3.602083400000000211e+02 3.848235725000000116e+02
3.052287600000000225e+02 3.602931800000000067e+02 3.848235725000000116e+02
3.352196400000000267e+02 3.603780199999999923e+02 3.848235725000000116e+02
3.652105200000000309e+02 3.604628600000000347e+02 3.848235725000000116e+02
4.941581999999999653e+02 3.892900999999999954e+02 3.845235725000000002e+02
5.241490800000000263e+02 3.893749399999999810e+02 3.845235725000000002e+02
5.541399599999999737e+02 3.894597800000000234e+02 3.845235725000000002e+02
5.841308400000000347e+02 3.895446200000000090e+02 3.845235725000000002e+02
4.942430400000000077e+02 3.592992199999999912e+02 3.845235725000000002e+02
5.242339200000000119e+02 3.593840599999999768e+02 3.845235725000000002e+02
5.542247999999999593e+02 3.594689000000000192e+02 3.845235725000000002e+02
5.842156800000000203e+02 3.595537400000000048e+02 3.845235725000000002e+02
4.943278799999999933e+02 3.293083399999999870e+02 3.845235725000000002e+02
5.243187599999999975e+02 3.293931800000000294e+02 3.845235725000000002e+02
5.543096399999999448e+02 3.294780200000000150e+02 3.845235725000000002e+02
5.843005200000000059e+02 3.295628600000000006e+02 3.845235725000000002e+02
8.724582000000000335e+02 5.093901000000000181e+02 3.840235725000000002e+02
9.024490800000000945e+02 5.094749400000000037e+02 3.840235725000000002e+02
9.324399600000000419e+02 5.095597800000000461e+02 3.840235725000000002e+02
9.624308400000001029e+02 5.096446200000000317e+02 3.840235725000000002e+02
8.725430400000000191e+02 4.793992200000000139e+02 3.840235725000000002e+02
9.025339200000000801e+02 4.794840599999999995e+02 3.840235725000000002e+02
9.325248000000000275e+02 4.795689000000000419e+02 3.840235725000000002e+02
9.625156800000000885e+02 4.796537400000000275e+02 3.840235725000000002e+02
8.726278800000000047e+02 4.494083400000000097e+02 3.840235725000000002e+02
9.026187600000000657e+02 4.494931800000000521e+02 3.840235725000000002e+02
9.326096400000000131e+02 4.495780200000000377e+02 3.840235725000000002e+02
9.626005200000000741e+02 4.496628600000000233e+02 3.840235725000000002e+02
5.260581999999999425e+02 3.020901000000000067e+02 3.842235725000000457e+02
5.560490800000000036e+02 3.021749399999999923e+02 3.842235725000000457e+02
5.860399599999999509e+02 3.022597799999999779e+02 3.842235725000000457e+02
6.160308400000000120e+02 3.023446200000000204e+02 3.842235725000000457e+02
5.261430399999999281e+02 2.720992200000000025e+02 3.842235725000000457e+02
5.561339199999999892e+02 2.721840599999999881e+02 3.842235725000000457e+02
5.861247999999999365e+02 2.722689000000000306e+02 3.842235725000000457e+02
6.161156799999999976e+02 2.723537400000000162e+02 3.842235725000000457e+02
5.262278799999999137e+02 2.421083399999999983e+02 3.842235725000000457e+02
5.562187599999999748e+02 2.421931800000000123e+02 3.842235725000000457e+02
5.862096399999999221e+02 2.422780199999999979e+02 3.842235725000000457e+02
6.162005199999999832e+02 2.423628600000000120e+02 3.842235725000000457e+02
5.260581999999999425e+02 3.020901000000000067e+02 2.483335724999999741e+02
5.560490800000000036e+02 3.021749399999999923e+02 2.483335724999999741e+02
5.860399599999999509e+02 3.022597799999999779e+02 2.483335724999999741e+02
6.160308400000000120e+02 3.023446200000000204e+02 2.483335724999999741e+02
5.261430399999999281e+02 2.720992200000000025e+02 2.483335724999999741e+02
5.561339199999999892e+02 2.721840599999999881e+02 2.483335724999999741e+02
5.861247999999999365e+02 2.722689000000000306e+02 2.483335724999999741e+02
6.161156799999999976e+02 2.723537400000000162e+02 2.483335724999999741e+02
5.262278799999999137e+02 2.421083399999999983e+02 2.483335724999999741e+02
5.562187599999999748e+02 2.421931800000000123e+02 2.483335724999999741e+02
5.862096399999999221e+02 2.422780199999999979e+02 2.483335724999999741e+02
6.162005199999999832e+02 2.423628600000000120e+02 2.483335724999999741e+02
9.811482000000000880e+02 5.689900999999999840e+02 2.478335724999999741e+02
1.011139080000000149e+03 5.690749399999999696e+02 2.478335724999999741e+02
1.041129960000000210e+03 5.691597800000000689e+02 2.478335724999999741e+02
1.071120840000000044e+03 5.692446200000000545e+02 2.478335724999999741e+02
9.812330400000000736e+02 5.389992200000000366e+02 2.478335724999999741e+02
1.011223920000000135e+03 5.390840600000000222e+02 2.478335724999999741e+02
1.041214800000000196e+03 5.391689000000000078e+02 2.478335724999999741e+02
1.071205680000000029e+03 5.392537400000001071e+02 2.478335724999999741e+02
9.813178800000000592e+02 5.090083400000000324e+02 2.478335724999999741e+02
1.011308760000000120e+03 5.090931800000000749e+02 2.478335724999999741e+02
1.041299640000000181e+03 5.091780200000000605e+02 2.478335724999999741e+02
1.071290520000000015e+03 5.092628600000000461e+02 2.478335724999999741e+02
5.655581999999999425e+02 4.000901000000000067e+02 6.169235724999999775e+02
5.955490800000000036e+02 4.001749399999999923e+02 6.169235724999999775e+02
6.255399599999999509e+02 4.002597799999999779e+02 6.169235724999999775e+02
6.555308400000000120e+02 4.003446200000000204e+02 6.169235724999999775e+02
5.656430399999999281e+02 3.700992200000000025e+02 6.169235724999999775e+02
5.956339199999999892e+02 3.701840599999999881e+02 6.169235724999999775e+02
6.256247999999999365e+02 3.702689000000000306e+02 6.169235724999999775e+02
6.556156799999999976e+02 3.703537400000000162e+02 6.169235724999999775e+02
5.657278799999999137e+02 3.401083399999999983e+02 6.169235724999999775e+02
5.957187599999999748e+02 3.401931799999999839e+02 6.169235724999999775e+02
6.257096399999999221e+02 3.402780199999999695e+02 6.169235724999999775e+02
6.557005199999999832e+02 3.403628600000000120e+02 6.169235724999999775e+02
1.954681999999999960e+02 4.069900999999999840e+02 2.486335724999999854e+02
2.254590800000000002e+02 4.070749399999999696e+02 2.486335724999999854e+02
2.554499599999999759e+02 4.071597799999999552e+02 2.486335724999999854e+02
2.854408399999999801e+02 4.072446199999999976e+02 2.486335724999999854e+02
1.955530399999999815e+02 3.769992199999999798e+02 2.486335724999999854e+02
2.255439199999999857e+02 3.770840599999999654e+02 2.486335724999999854e+02
2.555347999999999900e+02 3.771689000000000078e+02 2.486335724999999854e+02
2.855256799999999657e+02 3.772537399999999934e+02 2.486335724999999854e+02
1.956378799999999956e+02 3.470083399999999756e+02 2.486335724999999854e+02
2.256287599999999998e+02 3.470931799999999612e+02 2.486335724999999854e+02
2.556196399999999755e+02 3.471780199999999468e+02 2.486335724999999854e+02
2.856105200000000082e+02 3.472628599999999892e+02 2.486335724999999854e+02
5.192581999999999880e+02 2.744900999999999840e+02 2.480335725000000195e+02
5.492490800000000490e+02 2.745749399999999696e+02 2.480335725000000195e+02
5.792399599999999964e+02 2.746597799999999552e+02 2.480335725000000195e+02
6.092308400000000574e+02 2.747446199999999976e+02 2.480335725000000195e+02
5.193430399999999736e+02 2.444992199999999798e+02 2.480335725000000195e+02
5.493339200000000346e+02 2.445840599999999654e+02 2.480335725000000195e+02
5.793247999999999820e+02 2.446689000000000078e+02 2.480335725000000195e+02
6.093156800000000430e+02 2.447537399999999934e+02 2.480335725000000195e+02
5.194278799999999592e+02 2.145083399999999756e+02 2.480335725000000195e+02
5.494187600000000202e+02 2.145931799999999896e+02 2.480335725000000195e+02
5.794096399999999676e+02 2.146780199999999752e+02 2.480335725000000195e+02
6.094005200000000286e+02 2.147628599999999892e+02 2.480335725000000195e+02
5.404582000000000335e+02 3.377900999999999954e+02 1.363335725000000025e+02
5.704490800000000945e+02 3.378749399999999810e+02 1.363335725000000025e+02
6.004399600000000419e+02 3.379597800000000234e+02 1.363335725000000025e+02
6.304308400000001029e+02 3.380446200000000090e+02 1.363335725000000025e+02
5.405430400000000191e+02 3.077992199999999912e+02 1.363335725000000025e+02
5.705339200000000801e+02 3.078840599999999768e+02 1.363335725000000025e+02
6.005248000000000275e+02 3.079689000000000192e+02 1.363335725000000025e+02
6.305156800000000885e+02 3.080537400000000048e+02 1.363335725000000025e+02
5.406278800000000047e+02 2.778083399999999870e+02 1.363335725000000025e+02
5.706187600000000657e+02 2.778931800000000294e+02 1.363335725000000025e+02
6.006096400000000131e+02 2.779780200000000150e+02 1.363335725000000025e+02
6.306005200000000741e+02 2.780628600000000006e+02 1.363335725000000025e+02
1.392682000000000073e+02 5.279900999999999840e+02 1.367335725000000082e+02
1.692590800000000115e+02 5.280749399999999696e+02 1.367335725000000082e+02
1.992499599999999873e+02 5.281597800000000689e+02 1.367335725000000082e+02
2.292408399999999915e+02 5.282446200000000545e+02 1.367335725000000082e+02
1.393530399999999929e+02 4.979992200000000366e+02 1.367335725000000082e+02
1.693439199999999971e+02 4.980840600000000222e+02 1.367335725000000082e+02
1.993348000000000013e+02 4.981689000000000647e+02 1.367335725000000082e+02
2.293256800000000055e+02 4.982537400000000503e+02 1.367335725000000082e+02
1.394378800000000069e+02 4.680083400000000324e+02 1.367335725000000082e+02
1.694287600000000111e+02 4.680931800000000749e+02 1.367335725000000082e+02
1.994196399999999869e+02 4.681780200000000605e+02 1.367335725000000082e+02
2.294105199999999911e+02 4.682628600000000461e+02 1.367335725000000082e+02
2.766681999999999562e+02 5.283900999999999613e+02 1.365335724999999911e+02
3.066590799999999604e+02 5.284749400000000605e+02 1.365335724999999911e+02
3.366499599999999646e+02 5.285597800000000461e+02 1.365335724999999911e+02
3.666408399999999688e+02 5.286446200000000317e+02 1.365335724999999911e+02
2.767530399999999986e+02 4.983992200000000139e+02 1.365335724999999911e+02
3.067439200000000028e+02 4.984840599999999995e+02 1.365335724999999911e+02
3.367347999999999502e+02 4.985689000000000419e+02 1.365335724999999911e+02
3.667256799999999544e+02 4.986537400000000275e+02 1.365335724999999911e+02
2.768378799999999842e+02 4.684083400000000097e+02 1.365335724999999911e+02
3.068287599999999884e+02 4.684931800000000521e+02 1.365335724999999911e+02
3.368196399999999926e+02 4.685780200000000377e+02 1.365335724999999911e+02
3.668105199999999968e+02 4.686628600000000233e+02 1.365335724999999911e+02
4.518581999999999539e+02 3.217900999999999954e+02 2.073335725000000025e+02
4.818490799999999581e+02 3.218749399999999810e+02 2.073335725000000025e+02
5.118399599999999623e+02 3.219597800000000234e+02 2.073335725000000025e+02
5.418308399999999665e+02 3.220446200000000090e+02 2.073335725000000025e+02
4.519430399999999963e+02 2.917992199999999912e+02 2.073335725000000025e+02
4.819339200000000005e+02 2.918840599999999768e+02 2.073335725000000025e+02
5.119247999999999479e+02 2.919689000000000192e+02 2.073335725000000025e+02
5.419156799999999521e+02 2.920537400000000048e+02 2.073335725000000025e+02
4.520278799999999819e+02 2.618083399999999870e+02 2.073335725000000025e+02
4.820187599999999861e+02 2.618931800000000294e+02 2.073335725000000025e+02
5.120096399999999903e+02 2.619780200000000150e+02 2.073335725000000025e+02
5.420005199999999377e+02 2.620628600000000006e+02 2.073335725000000025e+02
9.986482000000000880e+02 5.591900999999999158e+02 2.067335725000000082e+02
1.028639080000000149e+03 5.592749400000000151e+02 2.067335725000000082e+02
1.058629960000000210e+03 5.593597800000000007e+02 2.067335725000000082e+02
1.088620840000000044e+03 5.594446199999999862e+02 2.067335725000000082e+02
9.987330400000000736e+02 5.291992199999999684e+02 2.067335725000000082e+02
1.028723920000000135e+03 5.292840599999999540e+02 2.067335725000000082e+02
1.058714800000000196e+03 5.293688999999999396e+02 2.067335725000000082e+02
1.088705680000000029e+03 5.294537399999999252e+02 2.067335725000000082e+02
9.988178800000000592e+02 4.992083399999999642e+02 2.067335725000000082e+02
1.028808760000000120e+03 4.992931800000000067e+02 2.067335725000000082e+02
1.058799640000000181e+03 4.993780199999999923e+02 2.067335725000000082e+02
1.088790520000000015e+03 4.994628599999999778e+02 2.067335725000000082e+02
9.983481999999999061e+02 5.590901000000000067e+02 8.453357250000000533e+01
1.028339079999999967e+03 5.591749400000001060e+02 8.453357250000000533e+01
1.058329960000000028e+03 5.592597800000000916e+02 8.453357250000000533e+01
1.088320839999999862e+03 5.593446200000000772e+02 8.453357250000000533e+01
9.984330399999998917e+02 5.290992200000000594e+02 8.453357250000000533e+01
1.028423919999999953e+03 5.291840600000000450e+02 8.453357250000000533e+01
1.058414800000000014e+03 5.292689000000000306e+02 8.453357250000000533e+01
1.088405679999999847e+03 5.293537400000000162e+02 8.453357250000000533e+01
9.985178799999998773e+02 4.991083400000000552e+02 8.453357250000000533e+01
1.028508759999999938e+03 4.991931800000000976e+02 8.453357250000000533e+01
1.058499639999999999e+03 4.992780200000000832e+02 8.453357250000000533e+01
1.088490519999999833e+03 4.993628600000000688e+02 8.453357250000000533e+01
6.937581999999999880e+02 3.577900999999999954e+02 7.489235724999999775e+02
7.237490800000000490e+02 3.578749399999999810e+02 7.489235724999999775e+02
7.537399599999999964e+02 3.579597800000000234e+02 7.489235724999999775e+02
7.837308400000000574e+02 3.580446200000000090e+02 7.489235724999999775e+02
6.938430399999999736e+02 3.277992199999999912e+02 7.489235724999999775e+02
7.238339200000000346e+02 3.278840599999999768e+02 7.489235724999999775e+02
7.538247999999999820e+02 3.279689000000000192e+02 7.489235724999999775e+02
7.838156800000000430e+02 3.280537400000000048e+02 7.489235724999999775e+02
6.939278799999999592e+02 2.978083399999999870e+02 7.489235724999999775e+02
7.239187600000000202e+02 2.978931800000000294e+02 7.489235724999999775e+02
7.539096399999999676e+02 2.979780200000000150e+02 7.489235724999999775e+02
7.839005200000000286e+02 2.980628600000000006e+02 7.489235724999999775e+02
5.368582000000000107e+02 3.171901000000000295e+02 7.652235724999999320e+02
5.668490800000000718e+02 3.172749400000000151e+02 7.652235724999999320e+02
5.968399600000000191e+02 3.173597800000000007e+02 7.652235724999999320e+02
6.268308400000000802e+02 3.174446200000000431e+02 7.652235724999999320e+02
5.369430399999999963e+02 2.871992200000000253e+02 7.652235724999999320e+02
5.669339200000000574e+02 2.872840600000000109e+02 7.652235724999999320e+02
5.969248000000000047e+02 2.873689000000000533e+02 7.652235724999999320e+02
6.269156800000000658e+02 2.874537400000000389e+02 7.652235724999999320e+02
5.370278799999999819e+02 2.572083400000000211e+02 7.652235724999999320e+02
5.670187600000000430e+02 2.572931800000000067e+02 7.652235724999999320e+02
5.970096399999999903e+02 2.573780199999999923e+02 7.652235724999999320e+02
6.270005200000000514e+02 2.574628600000000347e+02 7.652235724999999320e+02
