400,-300,443,3.3073
400,-300,200,3.3073
412.79,-300,443,3.5182
412.79,-300,200,3.5182
425.58,-300,443,3.729
425.58,-300,200,3.729
438.37,-300,443,3.6029
438.37,-300,200,3.6029
451.16,-300,443,3.4523
451.16,-300,200,3.4523
463.95,-300,443,4.8204
463.95,-300,200,4.8204
476.74,-300,443,6.7061
476.74,-300,200,6.7061
489.53,-300,443,7.0072
489.53,-300,200,7.0072
502.32,-300,443,9.5782
502.32,-300,200,9.5782
515.11,-300,443,10.549
515.11,-300,200,10.549
527.89,-300,443,20.129
527.89,-300,200,20.129
540.68,-300,443,100
540.68,-300,200,100
553.47,-300,443,100
553.47,-300,200,100
566.26,-300,443,100
566.26,-300,200,100
579.05,-300,443,100
579.05,-300,200,100
591.84,-300,443,100
591.84,-300,200,100
604.63,-300,443,100
604.63,-300,200,100
617.42,-300,443,100
617.42,-300,200,100
630.21,-300,443,100
630.21,-300,200,100
643,-300,443,100
643,-300,200,100
400,-268.74,443,25.767
400,-268.74,200,25.767
412.79,-268.74,443,26.048
412.79,-268.74,200,26.048
425.58,-268.74,443,5.6171
425.58,-268.74,200,5.6171
438.37,-268.74,443,2.9207
438.37,-268.74,200,2.9207
451.16,-268.74,443,3.1483
451.16,-268.74,200,3.1483
463.95,-268.74,443,11.646
463.95,-268.74,200,11.646
476.74,-268.74,443,15.65
476.74,-268.74,200,15.65
489.53,-268.74,443,8.5129
489.53,-268.74,200,8.5129
502.32,-268.74,443,5.2534
502.32,-268.74,200,5.2534
515.11,-268.74,443,8.4778
515.11,-268.74,200,8.4778
527.89,-268.74,443,14.584
527.89,-268.74,200,14.584
540.68,-268.74,443,14.612
540.68,-268.74,200,14.612
553.47,-268.74,443,14.635
553.47,-268.74,200,14.635
566.26,-268.74,443,14.653
566.26,-268.74,200,14.653
579.05,-268.74,443,14.83
579.05,-268.74,200,14.83
591.84,-268.74,443,100
591.84,-268.74,200,100
604.63,-268.74,443,100
604.63,-268.74,200,100
617.42,-268.74,443,100
617.42,-268.74,200,100
630.21,-268.74,443,100
630.21,-268.74,200,100
643,-268.74,443,100
643,-268.74,200,100
400,-237.47,443,48.399
400,-237.47,200,48.399
412.79,-237.47,443,27.969
412.79,-237.47,200,27.969
425.58,-237.47,443,4.9497
425.58,-237.47,200,4.9497
438.37,-237.47,443,2.6129
438.37,-237.47,200,2.6129
451.16,-237.47,443,2.9457
451.16,-237.47,200,2.9457
463.95,-237.47,443,11.057
463.95,-237.47,200,11.057
476.74,-237.47,443,22.475
476.74,-237.47,200,22.475
489.53,-237.47,443,17.457
489.53,-237.47,200,17.457
502.32,-237.47,443,5.8085
502.32,-237.47,200,5.8085
515.11,-237.47,443,2.9325
515.11,-237.47,200,2.9325
527.89,-237.47,443,2.9607
527.89,-237.47,200,2.9607
540.68,-237.47,443,2.9889
540.68,-237.47,200,2.9889
553.47,-237.47,443,3.0171
553.47,-237.47,200,3.0171
566.26,-237.47,443,3.0405
566.26,-237.47,200,3.0405
579.05,-237.47,443,3.0579
579.05,-237.47,200,3.0579
591.84,-237.47,443,3.0754
591.84,-237.47,200,3.0754
604.63,-237.47,443,3.0928
604.63,-237.47,200,3.0928
617.42,-237.47,443,3.2704
617.42,-237.47,200,3.2704
630.21,-237.47,443,3.6482
630.21,-237.47,200,3.6482
643,-237.47,443,100
643,-237.47,200,100
400,-206.21,443,30.427
400,-206.21,200,30.427
412.79,-206.21,443,27.637
412.79,-206.21,200,27.637
425.58,-206.21,443,8.5462
425.58,-206.21,200,8.5462
438.37,-206.21,443,7.162
438.37,-206.21,200,7.162
451.16,-206.21,443,5.121
451.16,-206.21,200,5.121
463.95,-206.21,443,2.5348
463.95,-206.21,200,2.5348
476.74,-206.21,443,11.948
476.74,-206.21,200,11.948
489.53,-206.21,443,7.9881
489.53,-206.21,200,7.9881
502.32,-206.21,443,2.3212
502.32,-206.21,200,2.3212
515.11,-206.21,443,4.1781
515.11,-206.21,200,4.1781
527.89,-206.21,443,4.8216
527.89,-206.21,200,4.8216
540.68,-206.21,443,4.8585
540.68,-206.21,200,4.8585
553.47,-206.21,443,4.5208
553.47,-206.21,200,4.5208
566.26,-206.21,443,2.6932
566.26,-206.21,200,2.6932
579.05,-206.21,443,1.4895
579.05,-206.21,200,1.4895
591.84,-206.21,443,1.5069
591.84,-206.21,200,1.5069
604.63,-206.21,443,1.5244
604.63,-206.21,200,1.5244
617.42,-206.21,443,1.7011
617.42,-206.21,200,1.7011
630.21,-206.21,443,2.0912
630.21,-206.21,200,2.0912
643,-206.21,443,7.4294
643,-206.21,200,7.4294
400,-174.95,443,7.3792
400,-174.95,200,7.3792
412.79,-174.95,443,10.368
412.79,-174.95,200,10.368
425.58,-174.95,443,14.112
425.58,-174.95,200,14.112
438.37,-174.95,443,10.797
438.37,-174.95,200,10.797
451.16,-174.95,443,7.79
451.16,-174.95,200,7.79
463.95,-174.95,443,4.7835
463.95,-174.95,200,4.7835
476.74,-174.95,443,1.7769
476.74,-174.95,200,1.7769
489.53,-174.95,443,2.2164
489.53,-174.95,200,2.2164
502.32,-174.95,443,4.0734
502.32,-174.95,200,4.0734
515.11,-174.95,443,5.9303
515.11,-174.95,200,5.9303
527.89,-174.95,443,7.7872
527.89,-174.95,200,7.7872
540.68,-174.95,443,8.0562
540.68,-174.95,200,8.0562
553.47,-174.95,443,6.4078
553.47,-174.95,200,6.4078
566.26,-174.95,443,4.5802
566.26,-174.95,200,4.5802
579.05,-174.95,443,2.3942
579.05,-174.95,200,2.3942
591.84,-174.95,443,1.194
591.84,-174.95,200,1.194
604.63,-174.95,443,1.3562
604.63,-174.95,200,1.3562
617.42,-174.95,443,1.5645
617.42,-174.95,200,1.5645
630.21,-174.95,443,6.8604
630.21,-174.95,200,6.8604
643,-174.95,443,12.861
643,-174.95,200,12.861
400,-143.68,443,2.0026
400,-143.68,200,2.0026
412.79,-143.68,443,7.5691
412.79,-143.68,200,7.5691
425.58,-143.68,443,9.5231
425.58,-143.68,200,9.5231
438.37,-143.68,443,9.0059
438.37,-143.68,200,9.0059
451.16,-143.68,443,5.9994
451.16,-143.68,200,5.9994
463.95,-143.68,443,2.9928
463.95,-143.68,200,2.9928
476.74,-143.68,443,1.2944
476.74,-143.68,200,1.2944
489.53,-143.68,443,3.9662
489.53,-143.68,200,3.9662
502.32,-143.68,443,5.5246
502.32,-143.68,200,5.5246
515.11,-143.68,443,6.7702
515.11,-143.68,200,6.7702
527.89,-143.68,443,7.2801
527.89,-143.68,200,7.2801
540.68,-143.68,443,6.1605
540.68,-143.68,200,6.1605
553.47,-143.68,443,5.0622
553.47,-143.68,200,5.0622
566.26,-143.68,443,4.376
566.26,-143.68,200,4.376
579.05,-143.68,443,5.3947
579.05,-143.68,200,5.3947
591.84,-143.68,443,4.2933
591.84,-143.68,200,4.2933
604.63,-143.68,443,4.4788
604.63,-143.68,200,4.4788
617.42,-143.68,443,3.6106
617.42,-143.68,200,3.6106
630.21,-143.68,443,3.5138
630.21,-143.68,200,3.5138
643,-143.68,443,9.5141
643,-143.68,200,9.5141
400,-112.42,443,1.675
400,-112.42,200,1.675
412.79,-112.42,443,5.5212
412.79,-112.42,200,5.5212
425.58,-112.42,443,9.4913
425.58,-112.42,200,9.4913
438.37,-112.42,443,6.2682
438.37,-112.42,200,6.2682
451.16,-112.42,443,2.9345
451.16,-112.42,200,2.9345
463.95,-112.42,443,1.2361
463.95,-112.42,200,1.2361
476.74,-112.42,443,1.1729
476.74,-112.42,200,1.1729
489.53,-112.42,443,3.8365
489.53,-112.42,200,3.8365
502.32,-112.42,443,7.8976
502.32,-112.42,200,7.8976
515.11,-112.42,443,8.7204
515.11,-112.42,200,8.7204
527.89,-112.42,443,6.6557
527.89,-112.42,200,6.6557
540.68,-112.42,443,4.5909
540.68,-112.42,200,4.5909
553.47,-112.42,443,2.5262
553.47,-112.42,200,2.5262
566.26,-112.42,443,2.8322
566.26,-112.42,200,2.8322
579.05,-112.42,443,6.9607
579.05,-112.42,200,6.9607
591.84,-112.42,443,8.3471
591.84,-112.42,200,8.3471
604.63,-112.42,443,7.7505
604.63,-112.42,200,7.7505
617.42,-112.42,443,6.7845
617.42,-112.42,200,6.7845
630.21,-112.42,443,3.6454
630.21,-112.42,200,3.6454
643,-112.42,443,3.6596
643,-112.42,200,3.6596
400,-81.158,443,1.3546
400,-81.158,200,1.3546
412.79,-81.158,443,5.3247
412.79,-81.158,200,5.3247
425.58,-81.158,443,7.0718
425.58,-81.158,200,7.0718
438.37,-81.158,443,6.1335
438.37,-81.158,200,6.1335
451.16,-81.158,443,2.0113
451.16,-81.158,200,2.0113
463.95,-81.158,443,1.4145
463.95,-81.158,200,1.4145
476.74,-81.158,443,1.3513
476.74,-81.158,200,1.3513
489.53,-81.158,443,1.0529
489.53,-81.158,200,1.0529
502.32,-81.158,443,5.0971
502.32,-81.158,200,5.0971
515.11,-81.158,443,6.8486
515.11,-81.158,200,6.8486
527.89,-81.158,443,5.0026
527.89,-81.158,200,5.0026
540.68,-81.158,443,2.9378
540.68,-81.158,200,2.9378
553.47,-81.158,443,0.88465
553.47,-81.158,200,0.88465
566.26,-81.158,443,2.9704
566.26,-81.158,200,2.9704
579.05,-81.158,443,6.4567
579.05,-81.158,200,6.4567
591.84,-81.158,443,8.7378
591.84,-81.158,200,8.7378
604.63,-81.158,443,6.4922
604.63,-81.158,200,6.4922
617.42,-81.158,443,5.5262
617.42,-81.158,200,5.5262
630.21,-81.158,443,2.387
630.21,-81.158,200,2.387
643,-81.158,443,1.431
643,-81.158,200,1.431
400,-49.895,443,1.0757
400,-49.895,200,1.0757
412.79,-49.895,443,2.8229
412.79,-49.895,200,2.8229
425.58,-49.895,443,2.7917
425.58,-49.895,200,2.7917
438.37,-49.895,443,2.7631
438.37,-49.895,200,2.7631
451.16,-49.895,443,1.8251
451.16,-49.895,200,1.8251
463.95,-49.895,443,1.2754
463.95,-49.895,200,1.2754
476.74,-49.895,443,1.687
476.74,-49.895,200,1.687
489.53,-49.895,443,1.384
489.53,-49.895,200,1.384
502.32,-49.895,443,0.96531
502.32,-49.895,200,0.96531
515.11,-49.895,443,2.7126
515.11,-49.895,200,2.7126
527.89,-49.895,443,2.6164
527.89,-49.895,200,2.6164
540.68,-49.895,443,0.81507
540.68,-49.895,200,0.81507
553.47,-49.895,443,0.80123
553.47,-49.895,200,0.80123
566.26,-49.895,443,2.8574
566.26,-49.895,200,2.8574
579.05,-49.895,443,9.1816
579.05,-49.895,200,9.1816
591.84,-49.895,443,9.8882
591.84,-49.895,200,9.8882
604.63,-49.895,443,4.569
604.63,-49.895,200,4.569
617.42,-49.895,443,2.0517
617.42,-49.895,200,2.0517
630.21,-49.895,443,1.0288
630.21,-49.895,200,1.0288
643,-49.895,443,1.0641
643,-49.895,200,1.0641
400,-18.632,443,1.2249
400,-18.632,200,1.2249
412.79,-18.632,443,1.1937
412.79,-18.632,200,1.1937
425.58,-18.632,443,1.1461
425.58,-18.632,200,1.1461
438.37,-18.632,443,1.1135
438.37,-18.632,200,1.1135
451.16,-18.632,443,2.3901
451.16,-18.632,200,2.3901
463.95,-18.632,443,0.82347
463.95,-18.632,200,0.82347
476.74,-18.632,443,1.2945
476.74,-18.632,200,1.2945
489.53,-18.632,443,4.9448
489.53,-18.632,200,4.9448
502.32,-18.632,443,4.5287
502.32,-18.632,200,4.5287
515.11,-18.632,443,0.85344
515.11,-18.632,200,0.85344
527.89,-18.632,443,0.75725
527.89,-18.632,200,0.75725
540.68,-18.632,443,0.70994
540.68,-18.632,200,0.70994
553.47,-18.632,443,0.6961
553.47,-18.632,200,0.6961
566.26,-18.632,443,0.75771
566.26,-18.632,200,0.75771
579.05,-18.632,443,5.6866
579.05,-18.632,200,5.6866
591.84,-18.632,443,9.2114
591.84,-18.632,200,9.2114
604.63,-18.632,443,2.9383
604.63,-18.632,200,2.9383
617.42,-18.632,443,2.7907
617.42,-18.632,200,2.7907
630.21,-18.632,443,0.84077
630.21,-18.632,200,0.84077
643,-18.632,443,0.88269
643,-18.632,200,0.88269
400,12.632,443,1.7165
400,12.632,200,1.7165
412.79,12.632,443,1.6689
412.79,12.632,200,1.6689
425.58,12.632,443,1.6132
425.58,12.632,200,1.6132
438.37,12.632,443,2.8731
438.37,12.632,200,2.8731
451.16,12.632,443,6.7593
451.16,12.632,200,6.7593
463.95,12.632,443,4.0741
463.95,12.632,200,4.0741
476.74,12.632,443,0.63181
476.74,12.632,200,0.63181
489.53,12.632,443,5.0438
489.53,12.632,200,5.0438
502.32,12.632,443,10.68
502.32,12.632,200,10.68
515.11,12.632,443,6.9609
515.11,12.632,200,6.9609
527.89,12.632,443,0.71962
527.89,12.632,200,0.71962
540.68,12.632,443,0.66359
540.68,12.632,200,0.66359
553.47,12.632,443,0.70902
553.47,12.632,200,0.70902
566.26,12.632,443,0.77775
566.26,12.632,200,0.77775
579.05,12.632,443,0.88026
579.05,12.632,200,0.88026
591.84,12.632,443,3.0109
591.84,12.632,200,3.0109
604.63,12.632,443,3.8168
604.63,12.632,200,3.8168
617.42,12.632,443,7.1589
617.42,12.632,200,7.1589
630.21,12.632,443,2.7275
630.21,12.632,200,2.7275
643,12.632,443,0.77761
643,12.632,200,0.77761
400,43.895,443,4.575
400,43.895,200,4.575
412.79,43.895,443,4.507
412.79,43.895,200,4.507
425.58,43.895,443,2.3853
425.58,43.895,200,2.3853
438.37,43.895,443,7.1542
438.37,43.895,200,7.1542
451.16,43.895,443,11.04
451.16,43.895,200,11.04
463.95,43.895,443,8.3552
463.95,43.895,200,8.3552
476.74,43.895,443,4.7835
476.74,43.895,200,4.7835
489.53,43.895,443,4.8038
489.53,43.895,200,4.8038
502.32,43.895,443,11.197
502.32,43.895,200,11.197
515.11,43.895,443,7.6486
515.11,43.895,200,7.6486
527.89,43.895,443,1.2869
527.89,43.895,200,1.2869
540.68,43.895,443,6.1021
540.68,43.895,200,6.1021
553.47,43.895,443,6.2349
553.47,43.895,200,6.2349
566.26,43.895,443,6.2995
566.26,43.895,200,6.2995
579.05,43.895,443,6.2281
579.05,43.895,200,6.2281
591.84,43.895,443,3.6817
591.84,43.895,200,3.6817
604.63,43.895,443,7.7181
604.63,43.895,200,7.7181
617.42,43.895,443,11.06
617.42,43.895,200,11.06
630.21,43.895,443,6.7596
630.21,43.895,200,6.7596
643,43.895,443,0.89355
643,43.895,200,0.89355
400,75.158,443,10.392
400,75.158,200,10.392
412.79,75.158,443,8.2706
412.79,75.158,200,8.2706
425.58,75.158,443,2.0413
425.58,75.158,200,2.0413
438.37,75.158,443,12.577
438.37,75.158,200,12.577
451.16,75.158,443,19.357
451.16,75.158,200,19.357
463.95,75.158,443,17.723
463.95,75.158,200,17.723
476.74,75.158,443,5.0542
476.74,75.158,200,5.0542
489.53,75.158,443,5.2246
489.53,75.158,200,5.2246
502.32,75.158,443,5.0548
502.32,75.158,200,5.0548
515.11,75.158,443,1.5067
515.11,75.158,200,1.5067
527.89,75.158,443,1.0421
527.89,75.158,200,1.0421
540.68,75.158,443,6.5814
540.68,75.158,200,6.5814
553.47,75.158,443,18.649
553.47,75.158,200,18.649
566.26,75.158,443,18.714
566.26,75.158,200,18.714
579.05,75.158,443,10.72
579.05,75.158,200,10.72
591.84,75.158,443,4.212
591.84,75.158,200,4.212
604.63,75.158,443,16.772
604.63,75.158,200,16.772
617.42,75.158,443,19.826
617.42,75.158,200,19.826
630.21,75.158,443,13.955
630.21,75.158,200,13.955
643,75.158,443,1.3002
643,75.158,200,1.3002
400,106.42,443,40.782
400,106.42,200,40.782
412.79,106.42,443,40.74
412.79,106.42,200,40.74
425.58,106.42,443,14.41
425.58,106.42,200,14.41
438.37,106.42,443,8.9558
438.37,106.42,200,8.9558
451.16,106.42,443,21.571
451.16,106.42,200,21.571
463.95,106.42,443,19.991
463.95,106.42,200,19.991
476.74,106.42,443,7.3244
476.74,106.42,200,7.3244
489.53,106.42,443,2.7588
489.53,106.42,200,2.7588
502.32,106.42,443,1.735
502.32,106.42,200,1.735
515.11,106.42,443,1.3232
515.11,106.42,200,1.3232
527.89,106.42,443,1.5772
527.89,106.42,200,1.5772
540.68,106.42,443,6.8659
540.68,106.42,200,6.8659
553.47,106.42,443,18.934
553.47,106.42,200,18.934
566.26,106.42,443,22.994
566.26,106.42,200,22.994
579.05,106.42,443,11.038
579.05,106.42,200,11.038
591.84,106.42,443,3.1307
591.84,106.42,200,3.1307
604.63,106.42,443,13.023
604.63,106.42,200,13.023
617.42,106.42,443,25.509
617.42,106.42,200,25.509
630.21,106.42,443,18.309
630.21,106.42,200,18.309
643,106.42,443,5.6547
643,106.42,200,5.6547
400,137.68,443,159.47
400,137.68,200,159.47
412.79,137.68,443,133.14
412.79,137.68,200,133.14
425.58,137.68,443,14.804
425.58,137.68,200,14.804
438.37,137.68,443,3.4835
438.37,137.68,200,3.4835
451.16,137.68,443,11.438
451.16,137.68,200,11.438
463.95,137.68,443,17.148
463.95,137.68,200,17.148
476.74,137.68,443,13.595
476.74,137.68,200,13.595
489.53,137.68,443,5.5669
489.53,137.68,200,5.5669
502.32,137.68,443,2.2024
502.32,137.68,200,2.2024
515.11,137.68,443,1.9075
515.11,137.68,200,1.9075
527.89,137.68,443,1.8674
527.89,137.68,200,1.8674
540.68,137.68,443,7.0215
540.68,137.68,200,7.0215
553.47,137.68,443,18.828
553.47,137.68,200,18.828
566.26,137.68,443,22.889
566.26,137.68,200,22.889
579.05,137.68,443,12.706
579.05,137.68,200,12.706
591.84,137.68,443,5.2596
591.84,137.68,200,5.2596
604.63,137.68,443,9.6317
604.63,137.68,200,9.6317
617.42,137.68,443,15.017
617.42,137.68,200,15.017
630.21,137.68,443,25.094
630.21,137.68,200,25.094
643,137.68,443,17.894
643,137.68,200,17.894
400,168.95,443,225.61
400,168.95,200,225.61
412.79,168.95,443,107.27
412.79,168.95,200,107.27
425.58,168.95,443,2.0793
425.58,168.95,200,2.0793
438.37,168.95,443,3.8781
438.37,168.95,200,3.8781
451.16,168.95,443,6.006
451.16,168.95,200,6.006
463.95,168.95,443,9.3631
463.95,168.95,200,9.3631
476.74,168.95,443,13.101
476.74,168.95,200,13.101
489.53,168.95,443,10.54
489.53,168.95,200,10.54
502.32,168.95,443,4.8312
502.32,168.95,200,4.8312
515.11,168.95,443,3.067
515.11,168.95,200,3.067
527.89,168.95,443,3.0287
527.89,168.95,200,3.0287
540.68,168.95,443,7.2419
540.68,168.95,200,7.2419
553.47,168.95,443,19.016
553.47,168.95,200,19.016
566.26,168.95,443,22.668
566.26,168.95,200,22.668
579.05,168.95,443,13.904
579.05,168.95,200,13.904
591.84,168.95,443,7.7449
591.84,168.95,200,7.7449
604.63,168.95,443,11.023
604.63,168.95,200,11.023
617.42,168.95,443,15.165
617.42,168.95,200,15.165
630.21,168.95,443,15.605
630.21,168.95,200,15.605
643,168.95,443,27.399
643,168.95,200,27.399
400,200.21,443,107.82
400,200.21,200,107.82
412.79,200.21,443,2.625
412.79,200.21,200,2.625
425.58,200.21,443,2.6004
425.58,200.21,200,2.6004
438.37,200.21,443,4.414
438.37,200.21,200,4.414
451.16,200.21,443,14.168
451.16,200.21,200,14.168
463.95,200.21,443,11.794
463.95,200.21,200,11.794
476.74,200.21,443,13.534
476.74,200.21,200,13.534
489.53,200.21,443,10.974
489.53,200.21,200,10.974
502.32,200.21,443,7.4231
502.32,200.21,200,7.4231
515.11,200.21,443,7.4656
515.11,200.21,200,7.4656
527.89,200.21,443,7.4591
527.89,200.21,200,7.4591
540.68,200.21,443,12.507
540.68,200.21,200,12.507
553.47,200.21,443,16.157
553.47,200.21,200,16.157
566.26,200.21,443,17.254
566.26,200.21,200,17.254
579.05,200.21,443,9.7298
579.05,200.21,200,9.7298
591.84,200.21,443,5.1206
591.84,200.21,200,5.1206
604.63,200.21,443,10.926
604.63,200.21,200,10.926
617.42,200.21,443,15.068
617.42,200.21,200,15.068
630.21,200.21,443,15.887
630.21,200.21,200,15.887
643,200.21,443,27.333
643,200.21,200,27.333
400,231.47,443,6.3612
400,231.47,200,6.3612
412.79,231.47,443,6.2746
412.79,231.47,200,6.2746
425.58,231.47,443,6.188
425.58,231.47,200,6.188
438.37,231.47,443,13.457
438.37,231.47,200,13.457
451.16,231.47,443,25.103
451.16,231.47,200,25.103
463.95,231.47,443,18.572
463.95,231.47,200,18.572
476.74,231.47,443,15.439
476.74,231.47,200,15.439
489.53,231.47,443,11.338
489.53,231.47,200,11.338
502.32,231.47,443,11.366
502.32,231.47,200,11.366
515.11,231.47,443,11.412
515.11,231.47,200,11.412
527.89,231.47,443,12.917
527.89,231.47,200,12.917
540.68,231.47,443,13.605
540.68,231.47,200,13.605
553.47,231.47,443,11.4
553.47,231.47,200,11.4
566.26,231.47,443,12.759
566.26,231.47,200,12.759
579.05,231.47,443,6.7841
579.05,231.47,200,6.7841
591.84,231.47,443,4.0133
591.84,231.47,200,4.0133
604.63,231.47,443,9.8154
604.63,231.47,200,9.8154
617.42,231.47,443,15.025
617.42,231.47,200,15.025
630.21,231.47,443,17.053
630.21,231.47,200,17.053
643,231.47,443,100
643,231.47,200,100
400,262.74,443,35.783
400,262.74,200,35.783
412.79,262.74,443,35.697
412.79,262.74,200,35.697
425.58,262.74,443,12.539
425.58,262.74,200,12.539
438.37,262.74,443,13.847
438.37,262.74,200,13.847
451.16,262.74,443,15.268
451.16,262.74,200,15.268
463.95,262.74,443,15.162
463.95,262.74,200,15.162
476.74,262.74,443,15.635
476.74,262.74,200,15.635
489.53,262.74,443,11.535
489.53,262.74,200,11.535
502.32,262.74,443,11.527
502.32,262.74,200,11.527
515.11,262.74,443,15.585
515.11,262.74,200,15.585
527.89,262.74,443,12.437
527.89,262.74,200,12.437
540.68,262.74,443,8.0033
540.68,262.74,200,8.0033
553.47,262.74,443,9.2224
553.47,262.74,200,9.2224
566.26,262.74,443,7.2424
566.26,262.74,200,7.2424
579.05,262.74,443,3.267
579.05,262.74,200,3.267
591.84,262.74,443,5.6667
591.84,262.74,200,5.6667
604.63,262.74,443,15.212
604.63,262.74,200,15.212
617.42,262.74,443,16.636
617.42,262.74,200,16.636
630.21,262.74,443,100
630.21,262.74,200,100
643,262.74,443,100
643,262.74,200,100
400,294,443,65.205
400,294,200,65.205
412.79,294,443,42.048
412.79,294,200,42.048
425.58,294,443,18.89
425.58,294,200,18.89
438.37,294,443,11.191
438.37,294,200,11.191
451.16,294,443,5.4234
451.16,294,200,5.4234
463.95,294,443,8.3808
463.95,294,200,8.3808
476.74,294,443,13.78
476.74,294,200,13.78
489.53,294,443,15.548
489.53,294,200,15.548
502.32,294,443,22.253
502.32,294,200,22.253
515.11,294,443,20.989
515.11,294,200,20.989
527.89,294,443,9.8621
527.89,294,200,9.8621
540.68,294,443,3.7639
540.68,294,200,3.7639
553.47,294,443,3.7173
553.47,294,200,3.7173
566.26,294,443,3.7252
566.26,294,200,3.7252
579.05,294,443,3.7485
579.05,294,200,3.7485
591.84,294,443,6.1483
591.84,294,200,6.1483
604.63,294,443,16.866
604.63,294,200,16.866
617.42,294,443,100
617.42,294,200,100
630.21,294,443,100
630.21,294,200,100
643,294,443,100
643,294,200,100
